16.0,87602
17.0,75831
16.0,239853
16.0,92616
18.0,115354
17.0,156593
18.0,216643
17.0,114481
18.0,193771
17.0,135269
16.0,38154
17.0,40211
15.0,31387
18.0,93896
18.0,126828
17.0,63839
18.0,72541
17.0,60107
18.0,80930
15.0,26480
14.0,30827
17.0,34670
17.0,33109
18.0,33903
18.0,35659
17.0,35983
14.0,25848
17.0,39967
18.0,46169
18.0,43002
17.0,44270
15.0,68698
18.0,88618
18.0,38553
18.0,40336
17.0,34564
17.0,32420
18.0,63647
18.0,59320
17.0,33316
18.0,36763
17.0,98697
15.0,30925
13.0,23256
18.0,37855
18.0,63800
17.0,52498
17.0,34443
17.0,32901
16.0,25960
17.0,33960
18.0,69048
18.0,41998
16.0,26895
18.0,41674
16.0,39725
17.0,73323
18.0,32409
16.0,26441
18.0,42319
17.0,35087
18.0,37234
18.0,81494
18.0,59317
15.0,59320
18.0,55093
17.0,51435
14.0,25739
18.0,43518
16.0,23343
15.0,24128
18.0,49697
18.0,30809
18.0,30504
18.0,60742
18.0,49673
17.0,30785
17.0,28392
18.0,28446
14.0,28252
17.0,27243
18.0,26920
16.0,29534
16.0,23746
16.0,20794
18.0,54164
16.0,36548
18.0,105175
18.0,27833
16.0,56800
14.0,20512
17.0,26433
18.0,26833
17.0,35748
17.0,39946
17.0,27089
17.0,26177
17.0,31362
18.0,27942
15.0,49210
17.0,44144
18.0,54928
18.0,27921
17.0,83351
18.0,38469
16.0,25287
17.0,25418
17.0,24091
16.0,20494
15.0,22539
18.0,31246
17.0,56431
18.0,38679
18.0,20525
18.0,74180
17.0,42912
16.0,67503
18.0,27621
18.0,22176
18.0,47373
18.0,21228
17.0,22077
18.0,22078
16.0,25722
16.0,12669
18.0,22515
16.0,19707
18.0,49006
18.0,22040
17.0,38277
16.0,17931
17.0,16353
17.0,17782
17.0,19717
11.0,12282
14.0,12928
18.0,19013
15.0,16690
14.0,13010
17.0,20624
17.0,16022
15.0,11720
17.0,18131
18.0,21301
18.0,46724
16.0,14912
17.0,20455
15.0,13438
18.0,20047
14.0,14260
18.0,19961
17.0,20193
17.0,16318
18.0,18317
17.0,15171
15.0,13013
16.0,16451
16.0,18970
17.0,17194
17.0,26172
13.0,16159
15.0,14900
18.0,17291
16.0,17927
17.0,52187
18.0,16795
17.0,20281
17.0,16183
18.0,26339
18.0,18582
16.0,17026
18.0,17523
19.0,20380
16.0,14864
18.0,17786
17.0,20517
19.0,17085
18.0,20220
18.0,20423
18.0,15722
18.0,16575
18.0,16954
17.0,18709
17.0,19731
16.0,14460
18.0,16496
18.0,18500
19.0,44861
17.0,23841
16.0,18597
17.0,16539
16.0,10542
15.0,14072
17.0,16497
18.0,18353
17.0,14858
18.0,22836
17.0,19402
17.0,19584
16.0,10787
18.0,23499
17.0,26671
16.0,12565
18.0,23483
18.0,18204
19.0,17565
18.0,17541
18.0,24118
15.0,16731
17.0,18047
19.0,18387
17.0,17399
18.0,16144
18.0,19988
17.0,16607
18.0,46835
19.0,18534
17.0,18705
18.0,14958
17.0,15365
16.0,18687
18.0,17589
13.0,10689
19.0,17564
17.0,16723
17.0,20966
17.0,18123
15.0,14369
17.0,15363
18.0,18671
18.0,18658
16.0,14008
18.0,39420
16.0,21714
17.0,22051
18.0,18165
17.0,17642
17.0,16477
17.0,16692
17.0,25179
18.0,17006
18.0,16383
18.0,26924
17.0,17475
16.0,17960
17.0,17448
19.0,17185
17.0,17386
18.0,16069
17.0,14981
17.0,21314
18.0,21828
17.0,21661
15.0,10984
17.0,21361
14.0,21017
14.0,19999
15.0,18437
18.0,20952
17.0,21528
15.0,16350
18.0,17709
18.0,17022
17.0,47195
16.0,15116
18.0,20955
17.0,19908
16.0,13507
18.0,17327
18.0,14930
18.0,16916
16.0,14316
17.0,18429
17.0,21704
13.0,13061
17.0,14866
16.0,11073
17.0,18733
16.0,18497
17.0,19709
17.0,25387
14.0,10648
14.0,13157
18.0,19655
17.0,19279
18.0,15720
15.0,26033
17.0,15827
15.0,19524
17.0,16425
19.0,19551
17.0,20473
17.0,18839
17.0,19614
17.0,20477
14.0,19398
17.0,18278
18.0,20682
17.0,16872
15.0,17171
17.0,14822
18.0,18933
16.0,15388
18.0,19536
18.0,20860
18.0,21660
17.0,18489
17.0,16814
18.0,17948
17.0,42949
18.0,20444
17.0,16706
18.0,17812
18.0,19237
17.0,19639
13.0,12688
18.0,18176
18.0,20913
15.0,22397
15.0,19008
18.0,21506
17.0,18070
18.0,21146
17.0,13735
17.0,53379
18.0,33357
18.0,17115
16.0,18073
17.0,14344
17.0,12691
17.0,16465
18.0,15966
18.0,19204
18.0,15828
18.0,17615
16.0,18023
16.0,14662
17.0,15442
17.0,15070
16.0,15935
14.0,15779
18.0,20845
18.0,37928
17.0,56810
17.0,37653
17.0,17470
18.0,27096
16.0,12015
16.0,24579
17.0,14362
15.0,14093
18.0,16966
17.0,15467
17.0,11295
18.0,15007
16.0,13247
10.0,7859
18.0,17051
17.0,12113
17.0,18066
18.0,19864
18.0,17644
16.0,11981
18.0,15946
17.0,16567
17.0,12112
18.0,14734
18.0,13148
16.0,10975
18.0,18136
18.0,19736
17.0,14727
18.0,14687
18.0,16158
17.0,41510
17.0,48824
18.0,20139
18.0,16399
17.0,13900
17.0,25756
18.0,20870
18.0,15691
18.0,12714
17.0,25301
16.0,28086
18.0,40686
17.0,14735
18.0,19105
15.0,11170
17.0,14108
14.0,12838
18.0,18564
17.0,31900
16.0,12728
17.0,37660
17.0,16334
16.0,14434
18.0,34681
18.0,16914
16.0,18910
17.0,15483
17.0,12942
17.0,13028
16.0,15037
16.0,15371
17.0,13222
17.0,14724
18.0,21596
17.0,16255
17.0,13062
18.0,14779
17.0,14442
18.0,22895
18.0,12675
18.0,19803
18.0,25915
18.0,15310
18.0,13555
17.0,10912
17.0,20437
13.0,11816
17.0,20771
17.0,11438
17.0,20829
19.0,14119
18.0,21887
16.0,19004
16.0,12395
17.0,13940
16.0,12693
17.0,12897
14.0,11792
19.0,17726
17.0,13391
17.0,12884
18.0,16669
16.0,13179
18.0,20054
18.0,14927
17.0,15159
18.0,24531
17.0,10735
18.0,53185
16.0,15214
14.0,6804
17.0,13174
18.0,22131
19.0,13089
15.0,13100
15.0,13034
17.0,13910
17.0,11466
18.0,13396
18.0,16673
15.0,14260
17.0,11478
18.0,13529
17.0,15768
18.0,19418
17.0,14722
15.0,6465
16.0,10019
14.0,12315
17.0,18921
16.0,14720
18.0,12690
17.0,16529
17.0,14522
16.0,8891
18.0,19061
15.0,11309
17.0,15271
18.0,15624
17.0,21529
18.0,15975
18.0,15665
16.0,14435
18.0,13884
18.0,20944
17.0,24377
17.0,15704
18.0,14536
17.0,14214
18.0,13976
17.0,19204
16.0,12303
18.0,17601
17.0,33904
17.0,23306
14.0,13297
18.0,16056
17.0,13049
14.0,20337
16.0,15751
16.0,16703
17.0,9819
18.0,26714
14.0,12820
18.0,23199
18.0,18702
17.0,9738
18.0,15959
18.0,38447
18.0,12987
16.0,12466
18.0,16930
15.0,14062
16.0,15272
16.0,14875
17.0,17129
17.0,13669
17.0,23021
16.0,16278
17.0,12873
17.0,12763
18.0,13672
18.0,14658
17.0,21129
17.0,14154
17.0,14175
17.0,27197
17.0,14606
17.0,15498
18.0,17965
17.0,14533
17.0,15961
16.0,11735
18.0,20442
17.0,76085
15.0,17507
16.0,12812
17.0,12189
18.0,18079
17.0,23494
18.0,12061
17.0,15352
13.0,17596
17.0,12876
17.0,12054
18.0,18268
17.0,13142
15.0,14954
17.0,13070
18.0,12560
17.0,16912
17.0,13841
17.0,15009
17.0,11546
17.0,12486
17.0,14461
17.0,14838
18.0,19655
15.0,8973
17.0,15134
17.0,14227
17.0,15545
17.0,14013
17.0,19603
16.0,10973
18.0,17355
17.0,18083
17.0,14154
17.0,18920
18.0,12166
16.0,12853
17.0,16847
17.0,13405
15.0,12617
18.0,16140
18.0,62951
17.0,22228
17.0,12965
18.0,54518
18.0,12396
17.0,11035
17.0,38084
17.0,18102
17.0,14890
16.0,11980
16.0,8280
17.0,11901
19.0,14925
17.0,13341
18.0,9800
17.0,13673
18.0,15535
17.0,12757
17.0,11586
16.0,13000
15.0,13494
17.0,12330
16.0,11304
17.0,13115
17.0,13434
18.0,14892
16.0,10620
16.0,15903
17.0,15673
17.0,15280
18.0,15483
18.0,15074
18.0,14220
16.0,18689
17.0,15645
16.0,12992
18.0,15689
16.0,11652
16.0,14258
17.0,14207
17.0,15814
17.0,16285
18.0,14661
18.0,17635
18.0,13732
16.0,12010
17.0,15229
16.0,15440
16.0,11333
18.0,15392
17.0,14131
17.0,12556
17.0,15149
16.0,11924
17.0,12462
18.0,12917
18.0,15143
18.0,17455
17.0,10584
17.0,18492
18.0,13372
17.0,12157
15.0,14849
17.0,20092
17.0,12561
18.0,12973
17.0,15015
16.0,12392
17.0,13125
16.0,7695
17.0,13604
16.0,13060
16.0,10860
15.0,14338
17.0,10213
17.0,14828
17.0,12387
14.0,6575
18.0,16732
17.0,13585
18.0,12458
19.0,15624
15.0,15052
18.0,14163
18.0,13097
17.0,15755
15.0,13972
18.0,13365
17.0,18188
17.0,14190
16.0,13816
17.0,18479
18.0,14419
19.0,15585
17.0,15643
15.0,13586
14.0,10259
12.0,6358
18.0,12982
18.0,17560
17.0,12408
17.0,14816
17.0,12577
19.0,42722
17.0,10992
15.0,14579
17.0,14131
15.0,10508
15.0,11446
18.0,13279
18.0,12475
18.0,15292
17.0,15260
18.0,21530
18.0,15273
17.0,16218
17.0,13771
18.0,13750
17.0,14109
17.0,13777
18.0,12649
16.0,10767
15.0,14152
17.0,13820
16.0,11988
16.0,9184
16.0,11381
17.0,12700
16.0,13020
17.0,12178
17.0,20751
14.0,10420
18.0,16678
15.0,11175
18.0,12927
16.0,12171
15.0,7576
18.0,16955
18.0,15423
17.0,13218
18.0,16117
18.0,16069
18.0,13508
18.0,14208
19.0,14871
18.0,15412
16.0,12033
16.0,9767
17.0,17124
17.0,21424
17.0,11988
18.0,65040
17.0,12578
16.0,58440
18.0,22921
12.0,18348
18.0,13062
18.0,12426
17.0,11945
17.0,11403
18.0,13460
13.0,8693
15.0,11998
17.0,12689
18.0,12608
18.0,12289
17.0,14254
18.0,12636
14.0,7921
18.0,52780
16.0,17219
16.0,25616
17.0,27087
17.0,11194
18.0,26492
18.0,14694
17.0,8967
18.0,16024
14.0,11376
17.0,11860
17.0,13340
16.0,15221
17.0,42822
16.0,18857
17.0,24949
16.0,13453
18.0,14518
18.0,12366
17.0,15387
17.0,12011
18.0,14009
17.0,11953
16.0,11858
18.0,14760
18.0,13712
19.0,13051
18.0,15305
19.0,15413
17.0,13528
18.0,13576
18.0,16302
16.0,14771
17.0,13209
16.0,12859
18.0,15323
16.0,12464
18.0,13214
16.0,26581
17.0,13751
17.0,10731
17.0,12563
14.0,7972
17.0,13826
18.0,14503
16.0,14406
17.0,14792
17.0,21851
17.0,14566
18.0,46812
18.0,13411
16.0,13527
18.0,15098
18.0,13673
17.0,13087
17.0,15902
12.0,11371
18.0,16377
18.0,15134
17.0,14442
18.0,12520
16.0,13285
18.0,16620
17.0,13746
18.0,13327
17.0,15160
18.0,16457
17.0,12336
16.0,12581
15.0,14347
17.0,13142
12.0,9705
17.0,13260
16.0,39919
18.0,17617
13.0,5528
18.0,14560
16.0,10653
17.0,14151
17.0,12823
18.0,12606
17.0,14813
18.0,14629
18.0,13277
18.0,21086
13.0,11879
18.0,12985
16.0,11794
18.0,17304
18.0,14637
18.0,12288
18.0,13431
18.0,17538
17.0,19421
18.0,14130
19.0,13608
17.0,14781
15.0,13730
17.0,15371
18.0,13255
17.0,13306
18.0,17832
17.0,17989
18.0,19909
17.0,15715
17.0,14936
18.0,15441
17.0,12668
18.0,13021
18.0,21514
17.0,15993
17.0,14504
18.0,14085
16.0,15556
18.0,14953
18.0,16394
18.0,13910
14.0,8732
16.0,10276
15.0,11229
18.0,12800
18.0,17372
17.0,14505
18.0,18073
19.0,15326
16.0,12775
16.0,10340
16.0,14881
18.0,14600
17.0,14535
18.0,19160
18.0,14805
17.0,12653
18.0,18664
18.0,14461
18.0,12035
19.0,13242
17.0,14354
18.0,13002
16.0,12604
17.0,10176
18.0,14982
18.0,16094
18.0,14949
16.0,10812
15.0,12325
17.0,13920
15.0,13827
18.0,13191
18.0,13662
17.0,11980
17.0,13388
16.0,13063
18.0,14749
15.0,8122
18.0,11812
16.0,13363
18.0,14044
17.0,12443
15.0,7247
17.0,14473
17.0,14928
18.0,13395
16.0,11070
18.0,13892
16.0,14307
16.0,11452
18.0,14170
17.0,12341
17.0,13683
16.0,12274
18.0,15607
18.0,15772
17.0,9019
17.0,12611
18.0,15146
17.0,14055
17.0,13412
13.0,13715
18.0,15018
15.0,11237
17.0,14295
17.0,10114
18.0,12610
14.0,11719
17.0,13845
17.0,14568
17.0,14350
17.0,11383
18.0,12922
17.0,14587
14.0,8595
19.0,15752
17.0,14904
18.0,16442
17.0,26377
15.0,14403
18.0,15162
17.0,14190
17.0,13227
14.0,10308
18.0,15884
18.0,14499
18.0,14366
19.0,13320
17.0,13311
16.0,13449
17.0,10424
18.0,17531
18.0,14381
16.0,12461
17.0,11977
18.0,19434
17.0,13790
17.0,13950
17.0,10997
18.0,16842
17.0,14113
18.0,15846
17.0,11306
18.0,15806
18.0,13439
18.0,15271
17.0,15513
18.0,13119
16.0,10378
17.0,14138
15.0,8314
17.0,8899
17.0,13272
18.0,13273
17.0,15023
17.0,12016
18.0,18113
17.0,15898
17.0,16179
18.0,17528
18.0,12935
17.0,14322
17.0,14868
19.0,13828
17.0,55141
16.0,20644
17.0,13907
17.0,13427
17.0,13961
16.0,13841
18.0,15841
18.0,12059
18.0,15085
18.0,14624
17.0,13476
15.0,15859
15.0,13296
17.0,19114
13.0,12848
17.0,14981
17.0,14799
16.0,12063
16.0,13277
19.0,13291
18.0,13866
